388
308
294
228
142
96
89
90
93
74
106
144
190
258
202
155
137
160
272
323
323
274
214
290
261
152
131
72
20
24
90
193
293
339
384
401
422
437
379
327
292
307
443
498
455
360
284
356
327
216
187
127
69
66
125
224
318
354
395
410
437
452
396
349
316
324
448
498
450
355
283
362
336
220
186
121
57
37
61
104
157
202
261
293
324
368
299
254
227
236
353
407
374
300
246
341
330
230
205
139
80
55
70
94
131
160
224
270
303
349
261
202
176
193
330
412
404
337
264
335
312
217
198
139
84
92
186
370
507
509
514
508
516
504
464
422
394
414
526
600
524
411
315
372
348
231
202
150
98
105
199
378
516
509
497
483
492
474
438
390
362
377
503
565
493
395
298
352
